x.x.x.161_x.x.x.193_22 7199 9042 9142
x.x.x.161_x.x.x.194_22 7199 9042 9142
x.x.x.161_x.x.x.195_22 7199 9042 9142
x.x.x.161_x.x.x.196_22 7199 9042 9142
x.x.x.161_x.x.x.197_22 7199 9042 9142
x.x.x.162_x.x.x.193_22 7199 9042 9142
x.x.x.162_x.x.x.194_22 7199 9042 9142
x.x.x.162_x.x.x.195_22 7199 9042 9142
x.x.x.162_x.x.x.196_22 7199 9042 9142
x.x.x.162_x.x.x.197_22 7199 9042 9142
x.x.x.163_x.x.x.193_22 7199 9042 9142
x.x.x.163_x.x.x.194_22 7199 9042 9142
x.x.x.163_x.x.x.195_22 7199 9042 9142
x.x.x.163_x.x.x.196_22 7199 9042 9142
x.x.x.163_x.x.x.197_22 7199 9042 9142
x.x.x.193_x.x.x.194_22 7000 7199 9042 9142
x.x.x.193_x.x.x.195_22 7000 7199 9042 9142
x.x.x.193_x.x.x.196_22 7000 7199 9042 9142
x.x.x.193_x.x.x.197_22 7000 7199 9042 9142
x.x.x.194_x.x.x.193_22 7000 7199 9042 9142
x.x.x.194_x.x.x.195_22 7000 7199 9042 9142
x.x.x.194_x.x.x.196_22 7000 7199 9042 9142
x.x.x.194_x.x.x.197_22 7000 7199 9042 9142
x.x.x.195_x.x.x.193_22 7000 7199 9042 9142
x.x.x.195_x.x.x.194_22 7000 7199 9042 9142
x.x.x.195_x.x.x.196_22 7000 7199 9042 9142
x.x.x.195_x.x.x.197_22 7000 7199 9042 9142
x.x.x.196_x.x.x.193_22 7000 7199 9042 9142
x.x.x.196_x.x.x.194_22 7000 7199 9042 9142
x.x.x.196_x.x.x.195_22 7000 7199 9042 9142
x.x.x.196_x.x.x.197_22 7000 7199 9042 9142
x.x.x.197_x.x.x.193_22 7000 7199 9042 9142
x.x.x.197_x.x.x.194_22 7000 7199 9042 9142
x.x.x.197_x.x.x.195_22 7000 7199 9042 9142
x.x.x.197_x.x.x.196_22 7000 7199 9042 9142
x.x.x.161_x.x.x.162_22 19997
x.x.x.161_x.x.x.163_22 19997
x.x.x.162_x.x.x.161_22 19997
x.x.x.162_x.x.x.163_22 19997
x.x.x.163_x.x.x.161_22 19997
x.x.x.163_x.x.x.162_22 19997
